41
18467
633
26500
19169
15724
11478
2935
26962
2446
5705
28145
2328
16827
9961
491
2995
11942
4827
5436
32391
14604
3902
153
292
1238
174
18716
197
19895
544
2172
1477
11538
1869
199
256
26299
170
9894
2870
2381
3132
332
17673
4664
15141
77
28253
686
25547
2764
32662
3275
200
12859
872
9741
27529
778
1231
3035
22190
1842
28
30106
904
8942
1926
226
27446
23805
1589
6729
243
150
31
24393
354
19629
1262
2408
1995
18756
1184
49
7376
1393
26
169
324
24626
11323
553
215
1611
2082
22929
16631